+------------------------------------------------------------------------------------------------------------------------------------------------------------------------------------------------------------------------------------------------------------------------------------+
; Legal Partition Candidates                                                                                                                                                                                                                                                         ;
+-------------------------------------------------------------------------------+-------+----------------+--------------+----------------+--------+-----------------+---------------+-----------------+-------+----------------+--------------+------------------+-------------------+
; Hierarchy                                                                     ; Input ; Constant Input ; Unused Input ; Floating Input ; Output ; Constant Output ; Unused Output ; Floating Output ; Bidir ; Constant Bidir ; Unused Bidir ; Input only Bidir ; Output only Bidir ;
+-------------------------------------------------------------------------------+-------+----------------+--------------+----------------+--------+-----------------+---------------+-----------------+-------+----------------+--------------+------------------+-------------------+
; u_jtag_top|u_jtag_dm|rx                                                       ; 43    ; 0              ; 0            ; 0              ; 42     ; 0               ; 0             ; 0               ; 0     ; 0              ; 0            ; 0                ; 0                 ;
; u_jtag_top|u_jtag_dm|tx                                                       ; 44    ; 2              ; 0            ; 2              ; 42     ; 2               ; 2             ; 2               ; 0     ; 0              ; 0            ; 0                ; 0                 ;
; u_jtag_top|u_jtag_dm                                                          ; 108   ; 0              ; 0            ; 0              ; 148    ; 0               ; 0             ; 0               ; 0     ; 0              ; 0            ; 0                ; 0                 ;
; u_jtag_top|u_jtag_driver|rx                                                   ; 43    ; 0              ; 0            ; 0              ; 42     ; 0               ; 0             ; 0               ; 0     ; 0              ; 0            ; 0                ; 0                 ;
; u_jtag_top|u_jtag_driver|tx                                                   ; 44    ; 0              ; 0            ; 0              ; 42     ; 0               ; 0             ; 0               ; 0     ; 0              ; 0            ; 0                ; 0                 ;
; u_jtag_top|u_jtag_driver                                                      ; 46    ; 0              ; 0            ; 0              ; 43     ; 0               ; 0             ; 0               ; 0     ; 0              ; 0            ; 0                ; 0                 ;
; u_jtag_top                                                                    ; 69    ; 0              ; 0            ; 0              ; 107    ; 0               ; 0             ; 0               ; 0     ; 0              ; 0            ; 0                ; 0                 ;
; u_spi_O                                                                       ; 68    ; 0              ; 28           ; 0              ; 35     ; 0               ; 0             ; 0               ; 0     ; 0              ; 0            ; 0                ; 0                 ;
; gpio_0                                                                        ; 83    ; 0              ; 28           ; 0              ; 96     ; 0               ; 0             ; 0               ; 0     ; 0              ; 0            ; 0                ; 0                 ;
; uart_0                                                                        ; 68    ; 0              ; 24           ; 0              ; 33     ; 0               ; 0             ; 0               ; 0     ; 0              ; 0            ; 0                ; 0                 ;
; timer_0                                                                       ; 67    ; 0              ; 28           ; 0              ; 33     ; 0               ; 0             ; 0               ; 0     ; 0              ; 0            ; 0                ; 0                 ;
; data_mem_0|altsyncram_component|auto_generated                                ; 59    ; 0              ; 0            ; 0              ; 32     ; 0               ; 0             ; 0               ; 0     ; 0              ; 0            ; 0                ; 0                 ;
; data_mem_0                                                                    ; 59    ; 0              ; 0            ; 0              ; 32     ; 0               ; 0             ; 0               ; 0     ; 0              ; 0            ; 0                ; 0                 ;
; u_sd_boot_top|u_sd_ctrl_top|u_sd_read                                         ; 37    ; 0              ; 0            ; 0              ; 20     ; 0               ; 0             ; 0               ; 0     ; 0              ; 0            ; 0                ; 0                 ;
; u_sd_boot_top|u_sd_ctrl_top|u_sd_write                                        ; 53    ; 0              ; 0            ; 0              ; 4      ; 0               ; 0             ; 0               ; 0     ; 0              ; 0            ; 0                ; 0                 ;
; u_sd_boot_top|u_sd_ctrl_top|u_sd_init                                         ; 3     ; 0              ; 0            ; 0              ; 4      ; 0               ; 0             ; 0               ; 0     ; 0              ; 0            ; 0                ; 0                 ;
; u_sd_boot_top|u_sd_ctrl_top                                                   ; 86    ; 0              ; 0            ; 0              ; 24     ; 0               ; 0             ; 0               ; 0     ; 0              ; 0            ; 0                ; 0                 ;
; u_sd_boot_top|u_sd_boot_ctrl|u_inst_mem_0|altsyncram_component|auto_generated ; 78    ; 0              ; 0            ; 0              ; 48     ; 0               ; 0             ; 0               ; 0     ; 0              ; 0            ; 0                ; 0                 ;
; u_sd_boot_top|u_sd_boot_ctrl|u_inst_mem_0                                     ; 78    ; 0              ; 0            ; 0              ; 48     ; 0               ; 0             ; 0               ; 0     ; 0              ; 0            ; 0                ; 0                 ;
; u_sd_boot_top|u_sd_boot_ctrl                                                  ; 89    ; 49             ; 3            ; 49             ; 114    ; 49              ; 49            ; 49              ; 0     ; 0              ; 0            ; 0                ; 0                 ;
; u_sd_boot_top                                                                 ; 70    ; 2              ; 0            ; 2              ; 35     ; 2               ; 2             ; 2               ; 0     ; 0              ; 0            ; 0                ; 0                 ;
; u_rib_0                                                                       ; 458   ; 58             ; 2            ; 58             ; 519    ; 58              ; 58            ; 58              ; 0     ; 0              ; 0            ; 0                ; 0                 ;
; u_rooth_0|u_clint_0                                                           ; 298   ; 0              ; 0            ; 0              ; 79     ; 0               ; 0             ; 0               ; 0     ; 0              ; 0            ; 0                ; 0                 ;
; u_rooth_0|u_csr_reg_0                                                         ; 104   ; 0              ; 0            ; 0              ; 128    ; 0               ; 0             ; 0               ; 0     ; 0              ; 0            ; 0                ; 0                 ;
; u_rooth_0|u_regs_file_0                                                       ; 88    ; 0              ; 0            ; 0              ; 96     ; 0               ; 0             ; 0               ; 0     ; 0              ; 0            ; 0                ; 0                 ;
; u_rooth_0|u_reg_clash_fb_0                                                    ; 284   ; 0              ; 0            ; 0              ; 118    ; 0               ; 0             ; 0               ; 0     ; 0              ; 0            ; 0                ; 0                 ;
; u_rooth_0|u_if_wb_0                                                           ; 151   ; 0              ; 0            ; 0              ; 147    ; 0               ; 0             ; 0               ; 0     ; 0              ; 0            ; 0                ; 0                 ;
; u_rooth_0|u_alu_res_ctrl_0                                                    ; 207   ; 0              ; 0            ; 0              ; 131    ; 0               ; 0             ; 0               ; 0     ; 0              ; 0            ; 0                ; 0                 ;
; u_rooth_0|u_if_as_0                                                           ; 249   ; 0              ; 0            ; 0              ; 247    ; 0               ; 0             ; 0               ; 0     ; 0              ; 0            ; 0                ; 0                 ;
; u_rooth_0|u_div_0                                                             ; 70    ; 0              ; 0            ; 0              ; 34     ; 0               ; 0             ; 0               ; 0     ; 0              ; 0            ; 0                ; 0                 ;
; u_rooth_0|u_alu_core_0                                                        ; 102   ; 0              ; 0            ; 0              ; 101    ; 0               ; 0             ; 0               ; 0     ; 0              ; 0            ; 0                ; 0                 ;
; u_rooth_0|u_mux_alu_0                                                         ; 163   ; 0              ; 0            ; 0              ; 64     ; 0               ; 0             ; 0               ; 0     ; 0              ; 0            ; 0                ; 0                 ;
; u_rooth_0|u_if_ex_0                                                           ; 156   ; 0              ; 0            ; 0              ; 152    ; 0               ; 0             ; 0               ; 0     ; 0              ; 0            ; 0                ; 0                 ;
; u_rooth_0|u_imm_gen_0                                                         ; 35    ; 0              ; 7            ; 0              ; 32     ; 0               ; 0             ; 0               ; 0     ; 0              ; 0            ; 0                ; 0                 ;
; u_rooth_0|u_decode_0                                                          ; 32    ; 0              ; 0            ; 0              ; 59     ; 0               ; 0             ; 0               ; 0     ; 0              ; 0            ; 0                ; 0                 ;
; u_rooth_0|u_if_de_0                                                           ; 68    ; 0              ; 0            ; 0              ; 64     ; 0               ; 0             ; 0               ; 0     ; 0              ; 0            ; 0                ; 0                 ;
; u_rooth_0|u_pc_reg_0                                                          ; 38    ; 0              ; 0            ; 0              ; 32     ; 0               ; 0             ; 0               ; 0     ; 0              ; 0            ; 0                ; 0                 ;
; u_rooth_0|u_flow_ctrl_0                                                       ; 143   ; 1              ; 0            ; 1              ; 43     ; 1               ; 1             ; 1               ; 0     ; 0              ; 0            ; 0                ; 0                 ;
; u_rooth_0                                                                     ; 115   ; 7              ; 0            ; 7              ; 130    ; 7               ; 7             ; 7               ; 0     ; 0              ; 0            ; 0                ; 0                 ;
; clk_pll_inst|altpll_component|auto_generated                                  ; 2     ; 0              ; 0            ; 0              ; 6      ; 0               ; 0             ; 0               ; 0     ; 0              ; 0            ; 0                ; 0                 ;
; clk_pll_inst                                                                  ; 1     ; 0              ; 0            ; 0              ; 4      ; 0               ; 0             ; 0               ; 0     ; 0              ; 0            ; 0                ; 0                 ;
+-------------------------------------------------------------------------------+-------+----------------+--------------+----------------+--------+-----------------+---------------+-----------------+-------+----------------+--------------+------------------+-------------------+
